50:
平衡精度:
1  0.9162793121911232
混淆矩阵:
1  [[646  37]
 [ 35 274]]
根据预测分数计算平均精度:
1  0.8165182750886266
精度分类得分。:
1  0.9274193548387096


100:
平衡精度:
1  0.9178974351684696
混淆矩阵:
1  [[646  37]
 [ 34 275]]
根据预测分数计算平均精度:
1  0.818700797149748
精度分类得分。:
1  0.9284274193548387

150
平衡精度:
1  0.9162793121911232
混淆矩阵:
1  [[646  37]
 [ 35 274]]
根据预测分数计算平均精度:
1  0.8165182750886266
精度分类得分。:
1  0.9274193548387096

200
平衡精度:
1  0.914661189213777
混淆矩阵:
1  [[646  37]
 [ 36 273]]
根据预测分数计算平均精度:
1  0.814336047604134
精度分类得分。:
1  0.9264112903225806



深度；
2
平衡精度:
1  0.8930072448317199
混淆矩阵:
1  [[612  71]
 [ 34 275]]
根据预测分数计算平均精度:
1  0.7416184141368976
精度分类得分。:
1  0.8941532258064516

3
平衡精度:
1  0.920401616701493
混淆矩阵:
1  [[645  38]
 [ 32 277]]
根据预测分数计算平均精度:
1  0.820556210095828
精度分类得分。:
1  0.9294354838709677

4
平衡精度:
1  0.9162793121911232
混淆矩阵:
1  [[646  37]
 [ 35 274]]
根据预测分数计算平均精度:
1  0.8165182750886266
精度分类得分。:
1  0.9274193548387096

5
平衡精度:
1  0.9130430662364307
混淆矩阵:
1  [[646  37]
 [ 37 272]]
根据预测分数计算平均精度:
1  0.8121541175562373
精度分类得分。:
1  0.9254032258064516

6
平衡精度:
1  0.914661189213777
混淆矩阵:
1  [[646  37]
 [ 36 273]]
根据预测分数计算平均精度:
1  0.814336047604134
精度分类得分。:
1  0.9264112903225806


