-0.0325571458,-0.0325571458,0.2297047639,3.872989532,8.8041689817
-0.1645710623,-0.1645710623,0.3177140415,4.2338275703,5.921865139
-0.0932309945,-0.0932309945,0.2701539963,4.0388313851,7.4794566186
-0.2956236457,-0.2956236457,0.4050824304,4.5920379649,3.0605504018
-0.1457289345,-0.1457289345,0.305152623,4.1823257545,6.3332515948
-0.0828943754,-0.0828943754,0.2632629169,4.0105779594,7.7051394703
-0.0474349192,-0.0474349192,0.2396232795,3.9136554459,8.479337596400001
-0.09714957120000001,-0.09714957120000001,0.2727663808,4.0495421612,7.3939010288
-0.1665578172,-0.1665578172,0.3190385448,4.2392580339,5.8784876559
-0.1410962248,-0.1410962248,0.3020641499,4.1696630145,6.4343990908
-0.027127903,-0.027127903,0.2260852687,3.8581496016,8.922707450100001
-0.1385692922,-0.1385692922,0.3003795281,4.1627560655,6.4895704522
-0.268120365,-0.268120365,0.38674691,4.516862331,3.6610386975
-0.0678518021,-0.0678518021,0.2532345347,3.9694615924,8.033568987300001
-0.237202063,-0.237202063,0.3661347087,4.4323523056,4.3360882901
-0.2558061464,-0.2558061464,0.3785374309,4.4832034668,3.9298991368
-0.056324961,-0.056324961,0.245549974,3.9379548935,8.2852383502
-0.2538010803,-0.2538010803,0.3772007202,4.4777229529,3.9736764128
-0.1968352305,-0.1968352305,0.339223487,4.3220162968,5.2174307995
-0.1729026154,-0.1729026154,0.3232684102,4.2566004821,5.7399595634
-0.1412701803,-0.1412701803,0.3021801202,4.1701384929,6.4306010622
-0.2703451643,-0.2703451643,0.3882301095,4.5229434491,3.612463912
-0.2516129032,-0.2516129032,0.3757419354,4.4717419354,4.0214516131
-0.277578051,-0.277578051,0.393052034,4.5427133395,3.4545458852
-0.1812799462,-0.1812799462,0.3288532975,4.2794985198,5.5570545063
-0.1373424481,-0.1373424481,0.2995616321,4.1594026916,6.5163565481
-0.1252754295,-0.1252754295,0.291516953,4.1264195073,6.7798197886
-0.1925138096,-0.1925138096,0.3363425397,4.3102044129,5.3117818236
-0.1768944364,-0.1768944364,0.3259296243,4.2675114596,5.6528048042
-0.1274727622,-0.1274727622,0.2929818414,4.13242555,6.7318446916
-0.0844416638,-0.0844416638,0.2642944425,4.0148072144,7.6713570062
-0.2080690938,-0.2080690938,0.3467127292,4.3527221899,4.9721581168
-0.2960814233,-0.2960814233,0.4053876155,4.5932892238,3.0505555898
-0.1184911648,-0.1184911648,0.2869941099,4.1078758506,6.9279429002
-0.2510177922,-0.2510177922,0.3753451948,4.4701152989,4.0344448684
-0.2578020569,-0.2578020569,0.3798680379,4.4886589556,3.8863217569
-0.0483230079,-0.0483230079,0.2402153386,3.9160828882,8.459947660899999
-0.186361278,-0.186361278,0.332240852,4.2933874934,5.4461120951
-0.2911374248,-0.2911374248,0.4020916165,4.5797756278,3.1584995577
-0.158189642,-0.158189642,0.3134597613,4.2163850214,6.0611928162
-0.2748039185,-0.2748039185,0.3912026123,4.5351307107,3.5151144446
-0.1177037873,-0.1177037873,0.2864691915,4.1057236853,6.9451339765
-0.1345225379,-0.1345225379,0.2976816919,4.1516949369,6.577924589
-0.1390362254,-0.1390362254,0.3006908169,4.1640323496,6.479375744
-0.2021637623,-0.2021637623,0.3427758415,4.3365809503,5.1010911896
-0.0748924222,-0.0748924222,0.2579282815,3.9887059541,7.8798487809
-0.1395855586,-0.1395855586,0.301057039,4.1655338602,6.4673819702
-0.1604235969,-0.1604235969,0.3149490646,4.2224911648,6.0124181344
-0.2464033936,-0.2464033936,0.3722689291,4.4575026093,4.135192572
-0.1558275093,-0.1558275093,0.3118850062,4.2099285255,6.1127660457
-0.0196569719,-0.0196569719,0.2211046479,3.8377290566,9.085822779400001
-0.2642109439,-0.2642109439,0.3841406292,4.50617658,3.7463943911
-0.2099551377,-0.2099551377,0.3479700918,4.3578773766,4.9309794916
-0.057185583,-0.057185583,0.246123722,3.9403072602,8.2664481039
-0.2850215155,-0.2850215155,0.3980143436,4.563058809,3.2920302445
-0.147459334,-0.147459334,0.3063062227,4.1870555131,6.295471206
-0.1053254799,-0.1053254799,0.2782169866,4.071889645,7.2153936889
-0.0788567766,-0.0788567766,0.2605711844,3.9995418561,7.7932937103
-0.09527268279999999,-0.09527268279999999,0.2715151219,4.0444119998,7.4348797572
-0.2274239325,-0.2274239325,0.359615955,4.4056254157,4.5495774718
-0.2284218878,-0.2284218878,0.3602812585,4.4083531601,4.5277887816
-0.1091891232,-0.1091891232,0.2807927488,4.08245027,7.1310374768
-0.06352122559999999,-0.06352122559999999,0.2503474837,3.9576246833,8.1281199076
-0.0392773216,-0.0392773216,0.2341848811,3.8913580125,8.6574451434
-0.1878810998,-0.1878810998,0.3332540665,4.2975416729,5.4129293196
-0.2049378948,-0.2049378948,0.3446252632,4.3441635792,5.0405226296
-0.1495742667,-0.1495742667,0.3077161778,4.1928363292,6.2492951751
-0.0762291329,-0.0762291329,0.2588194219,3.99235963,7.8506639309
-0.0412366099,-0.0412366099,0.2354910733,3.8967134006,8.614667348799999
-0.1499313333,-0.1499313333,0.3079542222,4.1938123111,6.2414992223
-0.0265511032,-0.0265511032,0.2257007354,3.8565730154,8.935300913100001
-0.297235023,-0.297235023,0.406156682,4.5964423962,3.0253686639
-0.111239967,-0.111239967,0.282159978,4.0880559098,7.0862607199
-0.2942503128,-0.2942503128,0.4041668752,4.5882841883,3.0905348372
-0.2056611834,-0.2056611834,0.3451074556,4.3461405682,5.0247308272
-0.1404736472,-0.1404736472,0.3016490981,4.1679613024,6.4479920353
-0.2207861568,-0.2207861568,0.3551907712,4.3874821619,4.6945022432
-0.0124790185,-0.0124790185,0.2163193456,3.8181093172,9.242541428999999
-0.154646443,-0.154646443,0.3110976287,4.2067002776,6.1385526601
-0.1509567552,-0.1509567552,0.3086378368,4.196615131,6.2191108435
-0.2591479232,-0.2591479232,0.3807652821,4.4923376567,3.85693701
-0.031980346,-0.031980346,0.2293202307,3.8714129458,8.8167624446
-0.2157139805,-0.2157139805,0.3518093203,4.3736182133,4.8052447589
-0.0903469954,-0.0903469954,0.2682313303,4.0309484542,7.5424239327
-0.2316263313,-0.2316263313,0.3624175542,4.4171119723,4.4578250987
-0.0300393688,-0.0300393688,0.2280262459,3.8661076081,8.8591404468
-0.0670918912,-0.0670918912,0.2527279274,3.9673845026,8.050160375100001
-0.1352000488,-0.1352000488,0.2981333658,4.1535468001,6.5631322675
-0.1870662556,-0.1870662556,0.3327108371,4.2953144321,5.4307200844
-0.2128757591,-0.2128757591,0.3499171727,4.3658604083,4.8672125922
-0.1889248329,-0.1889248329,0.3339498886,4.3003945432,5.3901411484
-0.2175634021,-0.2175634021,0.3530422681,4.3786732992,4.7648657191
-0.1271065401,-0.1271065401,0.2927376934,4.1314245429,6.7398405412
-0.2361949522,-0.2361949522,0.3654633014,4.429599536,4.3580768766
-0.234867397,-0.234867397,0.3645782647,4.4259708852,4.3870618311
-0.1505355998,-0.1505355998,0.3083570665,4.1954639728,6.2283060702
-0.0136417737,-0.0136417737,0.2170945158,3.8212875148,9.217154606899999
-0.1683065278,-0.1683065278,0.3202043519,4.2440378428,5.8403074747
-0.2233771782,-0.2233771782,0.3569181188,4.3945642871,4.6379316087
-0.2585070345,-0.2585070345,0.380338023,4.4905858943,3.8709297468
-0.2731376079,-0.2731376079,0.3900917386,4.5305761283,3.5514955602
-0.2022003845,-0.2022003845,0.3428002563,4.3366810509,5.1002916049
-0.1712637714,-0.1712637714,0.3221758476,4.2521209753,5.7757409898
-0.1756309701,-0.1756309701,0.3250873134,4.2640579851,5.6803904849
-0.0870693075,-0.0870693075,0.266046205,4.0219894405,7.6139867856
-0.0916379283,-0.0916379283,0.2690919522,4.0344770042,7.5142385635
-0.2722769859,-0.2722769859,0.3895179906,4.5282237617,3.5702858059
-0.2474745933,-0.2474745933,0.3729830622,4.4604305551,4.1118047123
-0.0519486068,-0.0519486068,0.2426324045,3.9259928586,8.380788751400001
-0.0943296609,-0.0943296609,0.2708864406,4.0418344065,7.4554690697
-0.1310251167,-0.1310251167,0.2953500778,4.142135319,6.6542849514
-0.09520859399999999,-0.09520859399999999,0.271472396,4.0442368236,7.436279031
-0.1972930081,-0.1972930081,0.3395286721,4.3232675556,5.2074359881
-0.2758751182,-0.2758751182,0.3919167455,4.5380586565,3.4917265849
-0.242484817,-0.242484817,0.3696565446,4.4467918331,4.2207481618
-0.1633350627,-0.1633350627,0.3168900418,4.2304491713,5.9488511311
-0.2814325388,-0.2814325388,0.3956216925,4.5532489394,3.3703895694
-0.183065279,-0.183065279,0.3300435193,4.2843784294,5.5180747404
-0.1684072389,-0.1684072389,0.3202714926,4.2443131199,5.8381086154
-0.2655842768,-0.2655842768,0.3850561845,4.5099303566,3.7164099557
-0.0297372356,-0.0297372356,0.2278248237,3.8652817773,8.865737022599999
-0.1817926572,-0.1817926572,0.3291951048,4.2808999297,5.5458603172
-0.2612079225,-0.2612079225,0.382138615,4.4979683217,3.8119603568
-0.2429883724,-0.2429883724,0.3699922482,4.4481682179,4.2097538689
-0.0556566057,-0.0556566057,0.2451044038,3.9361280556,8.2998307749
-0.0700949125,-0.0700949125,0.2547299417,3.9755927609,7.9845944094
-0.2221228674,-0.2221228674,0.3560819116,4.3911358378,4.6653173932
-0.2598986785,-0.2598986785,0.3812657856,4.4943897212,3.840545519
-0.1329935605,-0.1329935605,0.2966623737,4.1475157322,6.6113072607
-0.1024506363,-0.1024506363,0.2763004242,4.0640317392,7.2781611075
-0.158803064,-0.158803064,0.3138687093,4.2180617083,6.0477997685
-0.2065675832,-0.2065675832,0.3457117221,4.3486180607,5.0049411
-0.1082827234,-0.1082827234,0.2801884823,4.0799727774,7.1508272047
-0.1966246528,-0.1966246528,0.3390831019,4.3214407177,5.2220284128
-0.2955687124,-0.2955687124,0.4050458082,4.5918878139,3.0617497789
-0.2683950315,-0.2683950315,0.386930021,4.5176130862,3.655041811
-0.0723105563,-0.0723105563,0.2562070375,3.9816488539,7.93621952
-0.1893368327,-0.1893368327,0.3342245551,4.3015206762,5.3811458179
-0.2221594897,-0.2221594897,0.3561063264,4.3912359385,4.6645178078
-0.08784752949999999,-0.08784752949999999,0.2665650196,4.0241165806,7.5969956055
-0.0730796227,-0.0730796227,0.2567197485,3.9837509689,7.919428236
-0.0144840845,-0.0144840845,0.2176560563,3.8235898311,9.198764153600001
-0.2249793999,-0.2249793999,0.3579862666,4.3989436933,4.6029497669
-0.1999847407,-0.1999847407,0.3413231604,4.3306249579,5.1486664943
-0.0273201696,-0.0273201696,0.2262134464,3.8586751304,8.918509629100001
-0.096783349,-0.096783349,0.2725222327,4.0485411541,7.4018968785
-0.07469099999999999,-0.07469099999999999,0.257794,3.9881554002,7.8842464981
-0.2400402844,-0.2400402844,0.3680268562,4.4401101107,4.2741204569
-0.2604754783,-0.2604754783,0.3816503189,4.4959663074,3.8279520561
-0.2022461622,-0.2022461622,0.3428307748,4.3368061769,5.0992921234
-0.1631336405,-0.1631336405,0.3167557603,4.2298986174,5.9532488483
-0.0219458601,-0.0219458601,0.2226305734,3.8439853511,9.035848719900001
-0.1676747947,-0.1676747947,0.3197831965,4.2423111056,5.8541003147
-0.07871028770000001,-0.07871028770000001,0.2604735251,3.9991414532,7.7964920504
-0.2297769096,-0.2297769096,0.3611846064,4.4120568864,4.4982041385
-0.1301187169,-0.1301187169,0.2947458113,4.1396578264,6.6740746793
-0.2203375347,-0.2203375347,0.3548916898,4.3862559281,4.7042971591
-0.0835261085,-0.0835261085,0.2636840723,4.0123046967,7.6913466296
-0.0617999816,-0.0617999816,0.2491999877,3.9529199498,8.1657004003
-0.0551438947,-0.0551438947,0.2447625965,3.9347266456,8.3110249647
-0.2595782341,-0.2595782341,0.3810521561,4.49351384,3.8475418871
-0.046006653,-0.046006653,0.238671102,3.9097515182,8.510521408900001
-0.156633198,-0.156633198,0.312422132,4.2121307412,6.0951751764
-0.1620532853,-0.1620532853,0.3160355235,4.2269456465,5.9768366041
-0.2809656056,-0.2809656056,0.3953104037,4.5519726553,3.3805842776
-0.2782372508,-0.2782372508,0.3934915005,4.5445151523,3.4401533561
-0.1840632343,-0.1840632343,0.3307088229,4.2871061738,5.4962860501
-0.2654744102,-0.2654744102,0.3849829401,4.5096300545,3.7188087105
-0.0389110995,-0.0389110995,0.233940733,3.8903570054,8.665440993000001
-0.0455580309,-0.0455580309,0.2383720206,3.9085252845,8.5203163247
-0.2293282875,-0.2293282875,0.360885525,4.4108306527,4.5079990543
-0.0689596239,-0.0689596239,0.2539730826,3.9724896389,8.0093815429
-0.2258033997,-0.2258033997,0.3585355998,4.4011959593,4.5849591053
-0.2724875637,-0.2724875637,0.3896583758,4.5287993407,3.5656881926
-0.0232917264,-0.0232917264,0.2235278176,3.8476640522,9.006463973000001
-0.1238471632,-0.1238471632,0.2905647755,4.1225155796,6.8110036018
-0.08239082,-0.08239082,0.2629272133,4.0092015746,7.7161337632
-0.2842249824,-0.2842249824,0.3974833216,4.5608816186,3.309421217
-0.2952757347,-0.2952757347,0.4048504898,4.5910870082,3.0681464584
-0.2693014313,-0.2693014313,0.3875342875,4.5200905789,3.6352520831
-0.286486404,-0.286486404,0.398990936,4.5670628376,3.260046846
-0.1312723166,-0.1312723166,0.2955148777,4.1428109988,6.6488877534
-0.2945616015,-0.2945616015,0.404374401,4.5891350443,3.0837383653
-0.0765404217,-0.0765404217,0.2590269478,3.9932104861,7.8438674583
-0.148585467,-0.148585467,0.307056978,4.1901336099,6.2708839692
-0.1887325662,-0.1887325662,0.3338217108,4.2998690145,5.3943389694
-0.1618060853,-0.1618060853,0.3158707235,4.2262699666,5.9822338028
-0.0417218542,-0.0417218542,0.2358145695,3.898039735,8.6040728483
-0.2718283638,-0.2718283638,0.3892189092,4.5269975279,3.5800807218
-0.2427777947,-0.2427777947,0.3698518631,4.4475926388,4.2143514822
-0.2574541459,-0.2574541459,0.3796360972,4.4877079988,3.8939178141
-0.1159459212,-0.1159459212,0.2852972808,4.1009188512,6.9835140538
-0.098770104,-0.098770104,0.273846736,4.0539716177,7.3585193947
-0.1902890102,-0.1902890102,0.3348593401,4.3041232947,5.3603566092
-0.2530320138,-0.2530320138,0.3766880092,4.4756208379,3.9904676968
-0.1319589831,-0.1319589831,0.2959726554,4.1446878871,6.6338955357
-0.2741904965,-0.2741904965,0.3907936643,4.5334540237,3.5285074929
-0.0928281502,-0.0928281502,0.2698854335,4.0377302773,7.4882520529
-0.2064394054,-0.2064394054,0.3456262703,4.3482677083,5.0077396471
-0.0967101046,-0.0967101046,0.2724734031,4.0483409527,7.4034960485
-0.2608783227,-0.2608783227,0.3819188818,4.4970674153,3.8191566211
-0.2249702444,-0.2249702444,0.3579801629,4.3989186681,4.6031496631
-0.1265938291,-0.1265938291,0.2923958861,4.130023133,6.7510347303
-0.2662434766,-0.2662434766,0.3854956511,4.5117321695,3.7020174265
-0.2265907773,-0.2265907773,0.3590605182,4.4033481246,4.567768029
-0.1510574663,-0.1510574663,0.3087049775,4.1968904079,6.216911985
-0.2685964537,-0.2685964537,0.3870643024,4.5181636401,3.6506440938
-0.1811426129,-0.1811426129,0.3287617419,4.2791231421,5.5600529502
-0.2495712149,-0.2495712149,0.3743808099,4.4661613208,4.0660284739
-0.0481307412,-0.0481307412,0.2400871608,3.9155573595,8.464145481899999
-0.2206488234,-0.2206488234,0.3550992156,4.3871067842,4.6975006872
-0.2632587664,-0.2632587664,0.3835058442,4.5035739615,3.7671835999
-0.0970854823,-0.0970854823,0.2727236548,4.049366985,7.3953003027
-0.1830103457,-0.1830103457,0.3300068971,4.2842282784,5.5192741174
-0.0530198064,-0.0530198064,0.2433465376,3.9289208044,8.357400891699999
-0.0627063814,-0.0627063814,0.2498042542,3.9553974425,8.145910672399999
-0.0215704824,-0.0215704824,0.2223803216,3.8429593188,9.044044465700001
-0.1176946317,-0.1176946317,0.2864630878,4.1056986602,6.9453338726
-0.0377574999,-0.0377574999,0.2331716666,3.887203833,8.690627918900001
-0.0979644153,-0.0979644153,0.2733096102,4.051769402,7.376110264
-0.0429944761,-0.0429944761,0.236662984,3.9015182347,8.5762872714
-0.1352916043,-0.1352916043,0.2981944029,4.1537970518,6.5611333051
-0.0873531296,-0.0873531296,0.2662354197,4.022765221,7.6077900023
-0.2460097048,-0.2460097048,0.3720064699,4.4564265266,4.1437881102
-0.2190557573,-0.2190557573,0.3540371715,4.3827524033,4.7322826321
-0.0615802484,-0.0615802484,0.2490534989,3.9523193456,8.1704979098
-0.0993652149,-0.0993652149,0.2742434766,4.0555982543,7.3455261394
-0.08804895159999999,-0.08804895159999999,0.2666993011,4.0246671345,7.5925978884
-0.051289407,-0.051289407,0.242192938,3.9241910458,8.395181280499999
-0.0304055909,-0.0304055909,0.2282703939,3.8671086153,8.851144597199999
-0.1741477706,-0.1741477706,0.3240985137,4.2600039063,5.7127736751
-0.1443922238,-0.1443922238,0.3042614825,4.1786720785,6.3624364456
-0.1448774681,-0.1448774681,0.3045849787,4.1799984129,6.351841945
-0.2476668599,-0.2476668599,0.3731112399,4.4609560838,4.1076068914
-0.0326395458,-0.0326395458,0.2297596972,3.8732147586,8.8023699154
-0.1408948026,-0.1408948026,0.3019298684,4.1691124606,6.438796808
-0.0580553605,-0.0580553605,0.2467035737,3.9426846521,8.2474579614
-0.2867610705,-0.2867610705,0.399174047,4.5678135928,3.2540499595
-0.0141178624,-0.0141178624,0.2174119083,3.8225888241,9.206760002599999
-0.0723471785,-0.0723471785,0.2562314523,3.9817489546,7.9354199353
-0.2706289864,-0.2706289864,0.3884193243,4.5237192297,3.6062671286
-0.1233619189,-0.1233619189,0.2902412793,4.1211892452,6.8215981023
-0.1597918637,-0.1597918637,0.3145279091,4.2207644275,6.0262109751
-0.1185552537,-0.1185552537,0.2870368358,4.1080510269,6.9265436263
-0.2932798242,-0.2932798242,0.4035198828,4.5856315194,3.1117238383
-0.0532578508,-0.0532578508,0.2435052339,3.929571459,8.3522035892
-0.1558000427,-0.1558000427,0.3118666951,4.20985345,6.1133657342
-0.2506149479,-0.2506149479,0.3750766319,4.469014191,4.0432403034
-0.2512924588,-0.2512924588,0.3755283059,4.4708660541,4.0284479818
-0.09301126129999999,-0.09301126129999999,0.2700075075,4.0382307809,7.4842541281
-0.0202703939,-0.0202703939,0.2215135959,3.8394057435,9.0724297317
-0.1530716879,-0.1530716879,0.3100477919,4.2023959471,6.1729348127
-0.2041413617,-0.2041413617,0.3440942411,4.3419863886,5.0579136027
-0.1802179021,-0.1802179021,0.3281452681,4.2765955992,5.5802424698
-0.2430524613,-0.2430524613,0.3700349742,4.4483433942,4.208354595
-0.1475142673,-0.1475142673,0.3063428449,4.1872056641,6.2942718289
-0.2274422437,-0.2274422437,0.3596281624,4.4056754661,4.5491776788
-0.2892147587,-0.2892147587,0.4008098391,4.5745203405,3.2004777676
-0.148402356,-0.148402356,0.306934904,4.1896331064,6.274881894
-0.1366924039,-0.1366924039,0.2991282692,4.157625904,6.5305491811
-0.1779015472,-0.1779015472,0.3266010315,4.2702642292,5.6308162178
-0.1203039643,-0.1203039643,0.2882026429,4.1128308358,6.8883634451
-0.1667317728,-0.1667317728,0.3191545152,4.2397335123,5.8746896272
-0.2663075655,-0.2663075655,0.385538377,4.5119073457,3.7006181526
-0.2369182409,-0.2369182409,0.3659454939,4.4315765251,4.3422850735
-0.1648365733,-0.1648365733,0.3178910489,4.2345533005,5.9160681479
-0.1874507889,-0.1874507889,0.3329671926,4.2963654896,5.4223244424
-0.0942106387,-0.0942106387,0.2708070925,4.0415090792,7.4580677207
-0.2695760979,-0.2695760979,0.3877173986,4.5208413342,3.6292551959
-0.2917050691,-0.2917050691,0.402470046,4.5813271889,3.1461059909
-0.0847895748,-0.0847895748,0.2645263832,4.0157581712,7.6637609489
-0.2904049806,-0.2904049806,0.4016033204,4.5777736136,3.1744912569
-0.182717368,-0.182717368,0.3298115787,4.2834274727,5.525670797
-0.0135868404,-0.0135868404,0.2170578936,3.8211373637,9.2183539846
-0.1122928556,-0.1122928556,0.2828619037,4.0909338053,7.0632726526
-0.1255409405,-0.1255409405,0.2916939603,4.1271452375,6.7740227976
-0.096435438,-0.096435438,0.272290292,4.0475901974,7.4094929351
-0.0437086092,-0.0437086092,0.2371390728,3.9034701986,8.560695364500001
-0.2050019836,-0.2050019836,0.3446679891,4.3443387553,5.0391233564
-0.0729148228,-0.0729148228,0.2566098818,3.9833005157,7.9230263685
-0.1933469649,-0.1933469649,0.3368979766,4.3124817041,5.2935912657
-0.1069643238,-0.1069643238,0.2793095492,4.0763691518,7.1796122624
-0.2583239234,-0.2583239234,0.3802159489,4.4900853907,3.8749276716
-0.0211676381,-0.0211676381,0.2221117587,3.8418582109,9.0528399
-0.2040406506,-0.2040406506,0.3440271004,4.3417111117,5.0601124613
-0.0385448774,-0.0385448774,0.2336965849,3.8893559983,8.673436842599999
-0.2689535202,-0.2689535202,0.3873023468,4.5191396221,3.6428481404
-0.0376476332,-0.0376476332,0.2330984221,3.8869035309,8.6930266737
-0.1537034211,-0.1537034211,0.3104689474,4.2041226843,6.1591419727
-0.1241309854,-0.1241309854,0.2907539902,4.1232913601,6.8048068184
-0.1984466078,-0.1984466078,0.3402977385,4.326420728,5.1822490622
-0.0442304757,-0.0442304757,0.2374869838,3.9048966337,8.5493012793
-0.0995849482,-0.0995849482,0.2743899655,4.0561988585,7.3407286299
-0.016562395,-0.016562395,0.2190415967,3.8292705465,9.1533877075
-0.2514572588,-0.2514572588,0.3756381725,4.4713165074,4.0248498494
-0.0826197088,-0.0826197088,0.2630798059,4.0098272041,7.7111363568
-0.145637379,-0.145637379,0.305091586,4.1820755027,6.3352505572
-0.1123477889,-0.1123477889,0.2828985259,4.0910839563,7.0620732755
-0.0395519882,-0.0395519882,0.2343679921,3.8921087679,8.6514482562
-0.1301919614,-0.1301919614,0.2947946409,4.1398580278,6.6724755093
-0.0941373943,-0.0941373943,0.2707582628,4.0413088778,7.4596668907
-0.2632404553,-0.2632404553,0.3834936368,4.5035239112,3.7675833922
-0.087508774,-0.087508774,0.2663391827,4.023190649,7.6043917666
-0.1686635944,-0.1686635944,0.3204423963,4.2450138248,5.8325115212
-0.1764458143,-0.1764458143,0.3256305429,4.2662852259,5.6625997194
-0.0542832727,-0.0542832727,0.2441888485,3.9323742789,8.329815211
-0.0178899502,-0.0178899502,0.2199266335,3.8328991973,9.1244027529
-0.0797448652,-0.0797448652,0.2611632435,4.0019692983,7.7739037754
-0.1229865413,-0.1229865413,0.2899910275,4.1201632129,6.8297938481
-0.0351573228,-0.0351573228,0.2314382152,3.8800966825,8.7473984503
-0.141993469,-0.141993469,0.3026623126,4.1721154819,6.4148092598
-0.0497787408,-0.0497787408,0.2411858272,3.9200618915,8.4281641592
-0.1287728507,-0.1287728507,0.2938485671,4.1359791252,6.7034594262
-0.1280770287,-0.1280770287,0.2933846858,4.1340772117,6.7186515401
-0.1947386089,-0.1947386089,0.3378257393,4.3162855311,5.263207038
-0.2506881923,-0.2506881923,0.3751254615,4.4692143924,4.0416411333
-0.2576372569,-0.2576372569,0.3797581713,4.4882085024,3.8899198893
-0.1054628131,-0.1054628131,0.2783085421,4.0722650226,7.2123952456
-0.188860744,-0.188860744,0.3339071626,4.3002193669,5.3915404223
-0.0179174169,-0.0179174169,0.2199449446,3.8329742728,9.123803064400001
-0.1201116977,-0.1201116977,0.2880744651,4.1123053071,6.8925612661
-0.1369853816,-0.1369853816,0.2993235877,4.1584267097,6.5241525016
-0.2950834681,-0.2950834681,0.404722312,4.5905614795,3.0723442794
-0.2947080904,-0.2947080904,0.4044720603,4.5895354472,3.0805400252
-0.0187414166,-0.0187414166,0.2204942777,3.8352265388,9.1058124034
-0.1557176427,-0.1557176427,0.3118117618,4.2096282234,6.1151648004
-0.1232154301,-0.1232154301,0.2901436201,4.1207888424,6.8247964418
-0.2991485335,-0.2991485335,0.4074323557,4.6016726584,2.9835903502
-0.2421552171,-0.2421552171,0.3694368114,4.4458909268,4.227944426
-0.2555223242,-0.2555223242,0.3783482161,4.4824276863,3.9360959202
-0.1374523148,-0.1374523148,0.2996348765,4.1597029938,6.5139577934
-0.1247627185,-0.1247627185,0.2911751457,4.1250180974,6.7910139777
-0.2481521042,-0.2481521042,0.3734347361,4.4622824182,4.0970123908
-0.0596484267,-0.0596484267,0.2477656178,3.9470390331,8.2126760158
-0.0917752616,-0.0917752616,0.2691835077,4.0348523818,7.5112401203
-0.2895260475,-0.2895260475,0.401017365,4.5753711965,3.1936812956
-0.2424665059,-0.2424665059,0.3696443372,4.4467417828,4.2211479541
-0.2932523575,-0.2932523575,0.4035015717,4.5855564439,3.1123235269
-0.2579577013,-0.2579577013,0.3799718008,4.4890843836,3.8829235212
-0.1798333689,-0.1798333689,0.3278889126,4.2755445417,5.5886381117
-0.0664693136,-0.0664693136,0.2523128757,3.9656827905,8.0637533196
-0.2164555803,-0.2164555803,0.3523037202,4.3756452528,4.7890531635
-0.1228583635,-0.1228583635,0.2899055757,4.1198128604,6.8325923952
-0.2569048127,-0.2569048127,0.3792698751,4.4862064881,3.9059115886
-0.1710806604,-0.1710806604,0.3220537736,4.2516204717,5.7797389146
-0.1183812982,-0.1183812982,0.2869208655,4.1075755485,6.9303416549
-0.1152775658,-0.1152775658,0.2848517105,4.0990920132,6.9981064792
-0.1862331003,-0.1862331003,0.3321554002,4.2930371409,5.4489106422
-0.0142551957,-0.0142551957,0.2175034638,3.8229642017,9.2037615593
-0.0284737693,-0.0284737693,0.2269825128,3.8618283028,8.893322703200001
-0.138184759,-0.138184759,0.3001231727,4.161705008,6.4979660941
-0.1721610156,-0.1721610156,0.3227740104,4.2545734427,5.7561511588
-0.0378948332,-0.0378948332,0.2332632221,3.8875792107,8.687629475
-0.037611011,-0.037611011,0.2330740073,3.8868034302,8.6938262584
-0.0551164281,-0.0551164281,0.2447442854,3.9346515701,8.311624653200001
-0.1099673451,-0.1099673451,0.2813115634,4.0845774101,7.1140462967
-0.0920407727,-0.0920407727,0.2693605151,4.035578112,7.5054431292
-0.0778679769,-0.0778679769,0.2599119846,3.9968391368,7.8148825044
-0.265538499,-0.265538499,0.385025666,4.5098052308,3.7174094366
-0.0355693227,-0.0355693227,0.2317128818,3.8812228156,8.738403119099999
-0.0453840754,-0.0453840754,0.2382560502,3.9080498061,8.5241143534
-0.2095431378,-0.2095431378,0.3476954252,4.3567512435,4.9399748228
-0.0652241584,-0.0652241584,0.2514827723,3.9622793664,8.0909392072
-0.1521652882,-0.1521652882,0.3094435254,4.1999184544,6.1927245406
-0.0569292275,-0.0569292275,0.2459528183,3.9396065553,8.272045198100001
-0.0927457502,-0.0927457502,0.2698305001,4.0375050507,7.4900511192
-0.2192114016,-0.2192114016,0.3541409344,4.3831778312,4.7288843965
-0.2722861415,-0.2722861415,0.3895240943,4.5282487868,3.5700859098
-0.2816248054,-0.2816248054,0.3957498702,4.5537744681,3.3661917484
-0.06978362370000001,-0.06978362370000001,0.2545224158,3.9747419049,7.9913908813
-0.1784234137,-0.1784234137,0.3269489425,4.2716906643,5.6194221325
-0.0602710043,-0.0602710043,0.2481806695,3.9487407451,8.199083072000001
-0.0430310983,-0.0430310983,0.2366873989,3.9016183354,8.575487686100001
-0.1159092989,-0.1159092989,0.2852728659,4.1008187505,6.9843136392
-0.1679128391,-0.1679128391,0.3199418927,4.2429617602,5.8489030128
-0.2703360087,-0.2703360087,0.3882240058,4.5229184239,3.6126638088
-0.2601001007,-0.2601001007,0.3814000671,4.4949402752,3.8361478012
-0.1800988799,-0.1800988799,0.3280659199,4.2762702719,5.5828411207
-0.1168248542,-0.1168248542,0.2858832361,4.1033212683,6.9643240152
-0.2812768944,-0.2812768944,0.3955179296,4.5528235114,3.373787805
-0.2167577135,-0.2167577135,0.3525051423,4.3764710836,4.7824565878
-0.030423902,-0.030423902,0.2282826013,3.8671586656,8.8507448049
-0.1327005828,-0.1327005828,0.2964670552,4.1467149265,6.6177039403
-0.2285134434,-0.2285134434,0.3603422956,4.4086034119,4.5257898191
-0.0772270882,-0.0772270882,0.2594847254,3.9950873744,7.8288752406
-0.101535081,-0.101535081,0.275690054,4.0615292214,7.2981507315
-0.2640003662,-0.2640003662,0.3840002441,4.5056010009,3.7509920045
-0.1950682088,-0.1950682088,0.3380454725,4.3171864374,5.2560107737
-0.1302102725,-0.1302102725,0.2948068483,4.1399080781,6.6720757169
-0.2977477339,-0.2977477339,0.4064984893,4.5978438062,3.0141744748
-0.1199743644,-0.1199743644,0.2879829096,4.1119299294,6.89555971
-0.1108279671,-0.1108279671,0.2818853114,4.0869297769,7.0952560504
-0.2931974242,-0.2931974242,0.4034649494,4.5854062928,3.1135229046
-0.1025147251,-0.1025147251,0.2763431501,4.0642069154,7.2767618336
-0.1557176427,-0.1557176427,0.3118117618,4.2096282234,6.1151648004
-0.0460982085,-0.0460982085,0.238732139,3.91000177,8.508522446500001
-0.0615802484,-0.0615802484,0.2490534989,3.9523193456,8.1704979098
-0.1242866298,-0.1242866298,0.2908577532,4.1237167882,6.8014085821
-0.1679311502,-0.1679311502,0.3199541001,4.2430118106,5.8485032198
-0.1068910794,-0.1068910794,0.2792607196,4.0761689504,7.1812114325
-0.1058839686,-0.1058839686,0.2785893124,4.0734161808,7.2032000189
-0.2818811609,-0.2818811609,0.3959207739,4.5544751731,3.3605946535
-0.2428052613,-0.2428052613,0.3698701742,4.4476677144,4.213751793
-0.1408490249,-0.1408490249,0.3018993499,4.1689873347,6.4397962895
-0.1619067964,-0.1619067964,0.3159378643,4.2265452436,5.9800349442
-0.2803979613,-0.2803979613,0.3949319742,4.5504210943,3.3929778437
-0.1280037842,-0.1280037842,0.2933358561,4.1338770103,6.7202507102
-0.1204687642,-0.1204687642,0.2883125095,4.113281289,6.8847653133
-0.0996581926,-0.0996581926,0.2744387951,4.0563990599,7.3391294599
-0.1167424542,-0.1167424542,0.2858283028,4.1030960417,6.9661230814
-0.0832331308,-0.0832331308,0.2634887539,4.011503891,7.6977433092
-0.1498672444,-0.1498672444,0.3079114963,4.1936371349,6.2428984956
-0.2305734427,-0.2305734427,0.3617156285,4.4142340769,4.480813166
-0.0191076387,-0.0191076387,0.2207384258,3.8362275459,9.0978165538
-0.0400738547,-0.0400738547,0.2347159031,3.893535203,8.640054170899999
-0.2641834772,-0.2641834772,0.3841223181,4.5061015045,3.7469940797
-0.1632984405,-0.1632984405,0.316865627,4.2303490707,5.9496507158
-0.2997436445,-0.2997436445,0.4078290963,4.6032992949,2.9705970949
-0.1036133915,-0.1036133915,0.2770755943,4.0672099367,7.2527742854
-0.1388988921,-0.1388988921,0.3005992614,4.1636569719,6.4823741879
-0.1119632556,-0.1119632556,0.2826421704,4.0900328988,7.0704689175
-0.1514786217,-0.1514786217,0.3089857478,4.1980415661,6.2077167583
-0.08177739790000001,-0.08177739790000001,0.2625182653,4.0075248878,7.7295268108
-0.2237983336,-0.2237983336,0.3571988891,4.3957154453,4.6287363814
-0.1044923245,-0.1044923245,0.2776615497,4.0696123538,7.2335842467
-0.2277169102,-0.2277169102,0.3598112735,4.4064262214,4.5431807923
-0.2446455275,-0.2446455275,0.3710970183,4.4526977751,4.1735726494
-0.0588976714,-0.0588976714,0.2472651142,3.9449869685,8.2290675074
-0.1648365733,-0.1648365733,0.3178910489,4.2345533005,5.9160681479
-0.231836909,-0.231836909,0.3625579393,4.4176875514,4.4532274854
-0.1336985381,-0.1336985381,0.2971323587,4.1494426709,6.5959152507
-0.0331614123,-0.0331614123,0.2301076082,3.8746411938,8.790975829500001
-0.1916165654,-0.1916165654,0.3357443769,4.3077519455,5.3313716546
-0.0679891353,-0.0679891353,0.2533260902,3.96983697,8.030570544
-0.1642323068,-0.1642323068,0.3174882045,4.2329016387,5.9292613001
-0.157676931,-0.157676931,0.313117954,4.2149836114,6.0723870059
-0.1993346964,-0.1993346964,0.3408897976,4.3288481704,5.1628591267
-0.0502273628,-0.0502273628,0.2414849085,3.9212881251,8.418369244100001
-0.0313577684,-0.0313577684,0.2289051789,3.8697112338,8.830355388499999
-0.2143955808,-0.2143955808,0.3509303872,4.3700145877,4.8340298173
-0.2424298837,-0.2424298837,0.3696199224,4.4466416821,4.2219475388
-0.1940977202,-0.1940977202,0.3373984801,4.3145337686,5.2771997748
-0.2993591112,-0.2993591112,0.4075727408,4.6022482375,2.9789927369
-0.1979338968,-0.1979338968,0.3399559312,4.3250193181,5.1934432513
-0.2709402752,-0.2709402752,0.3886268501,4.5245700857,3.5994706567
-0.2837305825,-0.2837305825,0.3971537217,4.559530259,3.3202156137
-0.2640919217,-0.2640919217,0.3840612811,4.5058512527,3.7489930421
-0.2301522873,-0.2301522873,0.3614348582,4.4130829187,4.4900083927
-0.1945554978,-0.1945554978,0.3377036652,4.3157850275,5.2672049628
-0.2695303201,-0.2695303201,0.38768688,4.5207162083,3.6302546774
-0.0613605151,-0.0613605151,0.2489070101,3.9517187414,8.175295419299999
-0.1362987151,-0.1362987151,0.2988658101,4.1565498214,6.5391447193
-0.2398297067,-0.2398297067,0.3678864711,4.4395345316,4.2787180702
-0.0832331308,-0.0832331308,0.2634887539,4.011503891,7.6977433092
-0.0339854121,-0.0339854121,0.2306569414,3.8768934598,8.7729851685
-0.2183599353,-0.2183599353,0.3535732902,4.3808504898,4.747474746
-0.1592242194,-0.1592242194,0.3141494796,4.2192128665,6.0386045418
-0.2395733512,-0.2395733512,0.3677155674,4.4388338266,4.2843151651
-0.2899380474,-0.2899380474,0.4012920316,4.5764973295,3.1846859651
-0.1299813837,-0.1299813837,0.2946542558,4.1392824487,6.6770731226
-0.2051759391,-0.2051759391,0.3447839594,4.3448142337,5.0353253277
-0.2152745139,-0.2152745139,0.3515163426,4.3724170049,4.8148397779
-0.2237525559,-0.2237525559,0.3571683706,4.3955903194,4.6297358629
-0.1736167485,-0.1736167485,0.323744499,4.2585524459,5.7243676571
-0.044367809,-0.044367809,0.2375785393,3.9052720114,8.546302835400001
-0.1575853755,-0.1575853755,0.313056917,4.2147333597,6.0743859676
-0.1598284859,-0.1598284859,0.3145523239,4.2208645283,6.0254113897
-0.0378307443,-0.0378307443,0.2332204962,3.8874040345,8.6890287488
-0.08912015130000001,-0.08912015130000001,0.2674134342,4.0275950803,7.5692100287
-0.1910763878,-0.1910763878,0.3353842585,4.30627546,5.3431655329
-0.0287301248,-0.0287301248,0.2271534165,3.8625290078,8.8877256084
-0.0443861201,-0.0443861201,0.2375907467,3.9053220617,8.545903042999999
-0.1377727591,-0.1377727591,0.2998485061,4.160578875,6.5069614253
-0.2749320963,-0.2749320963,0.3912880642,4.5354810632,3.5123158975
-0.2933256019,-0.2933256019,0.4035504013,4.5857566453,3.1107243575
-0.1703848383,-0.1703848383,0.3215898922,4.2497185582,5.7949310285
-0.067751091,-0.067751091,0.253167394,3.9691863154,8.035767845900001
-0.1450972014,-0.1450972014,0.3047314676,4.1805990172,6.3470444355
-0.0367595446,-0.0367595446,0.2325063631,3.8844760887,8.7124166085
-0.2601733451,-0.2601733451,0.3814488967,4.4951404766,3.8345486318
-0.2683492538,-0.2683492538,0.3868995025,4.5174879604,3.6560412919
-0.1527146214,-0.1527146214,0.3098097476,4.2014199651,6.1807307661
-0.1663930173,-0.1663930173,0.3189286782,4.2388075807,5.8820857877
-0.1133732108,-0.1133732108,0.2835821405,4.0938867762,7.0396848967
-0.0891842402,-0.0891842402,0.2674561601,4.0277702566,7.5678107548
-0.1693411053,-0.1693411053,0.3208940702,4.2468656879,5.8177191997
-0.21355327,-0.21355327,0.3503688467,4.3677122714,4.8524202706
-0.1164036988,-0.1164036988,0.2856024658,4.1021701101,6.9735192425
-0.1496292,-0.1496292,0.3077528,4.1929864802,6.2480957981
-0.0767326883,-0.0767326883,0.2591551255,3.9937360148,7.8396696373
-0.206796472,-0.206796472,0.3458643147,4.3492436902,4.9999436936
-0.2015045625,-0.2015045625,0.342336375,4.3347791375,5.1154837188
-0.1611560411,-0.1611560411,0.3154373607,4.224493179,5.9964264358
-0.2346934415,-0.2346934415,0.3644622943,4.4254954069,4.3908598591
-0.0401562547,-0.0401562547,0.2347708365,3.8937604296,8.638255104700001
-0.1008941923,-0.1008941923,0.2752627948,4.059777459,7.3121434677
-0.1030640583,-0.1030640583,0.2767093722,4.0657084261,7.2647680598
-0.0183385723,-0.0183385723,0.2202257148,3.834125431,9.114607837699999
-0.1279396954,-0.1279396954,0.2932931302,4.1337018341,6.7216499834
-0.0690511795,-0.0690511795,0.2540341196,3.9727398906,8.0073825805
-0.0785363322,-0.0785363322,0.2603575548,3.9986659748,7.800290079
-0.2280556657,-0.2280556657,0.3600371105,4.407352153,4.5357846312
-0.29602649,-0.29602649,0.4053509933,4.5931390727,3.0517549675
-0.1681234168,-0.1681234168,0.3200822779,4.2435373393,5.8443053988
-0.1350901821,-0.1350901821,0.2980601214,4.1532464979,6.5655310222
-0.1354289376,-0.1354289376,0.2982859584,4.1541724295,6.5581348618
-0.1678487502,-0.1678487502,0.3198991668,4.242786584,5.850302286
-0.2058900723,-0.2058900723,0.3452600482,4.3467661976,5.0197334215
-0.0213782158,-0.0213782158,0.2222521439,3.84243379,9.048242286700001
-0.0459150975,-0.0459150975,0.238610065,3.9095012665,8.512520371300001
-0.2589281899,-0.2589281899,0.3806187932,4.4917370524,3.8617345201
-0.2685048982,-0.2685048982,0.3870032654,4.5179133884,3.6526430556
-0.0468031861,-0.0468031861,0.239202124,3.9119287087,8.4931304364
-0.1876796777,-0.1876796777,0.3331197851,4.296991119,5.4173270367
-0.1732688375,-0.1732688375,0.3235125583,4.2576014892,5.7319637138
-0.0461439863,-0.0461439863,0.2387626575,3.9101268959,8.5075229656
-0.2581133457,-0.2581133457,0.3800755638,4.4895098116,3.8795252849
-0.1201116977,-0.1201116977,0.2880744651,4.1123053071,6.8925612661
-0.1494003112,-0.1494003112,0.3076002075,4.1923608508,6.2530932038
-0.0649769585,-0.0649769585,0.2513179723,3.9616036865,8.096336405900001
-0.1070375682,-0.1070375682,0.2793583788,4.0765693532,7.178013093
-0.1051332132,-0.1051332132,0.2780888088,4.0713641163,7.2195915099
-0.0746635334,-0.0746635334,0.2577756889,3.9880803246,7.8848461873
-0.028867458,-0.028867458,0.227244972,3.8629043854,8.884727165099999
-0.2295113986,-0.2295113986,0.3610075991,4.4113311563,4.5040011295
-0.252455214,-0.252455214,0.376303476,4.4740442517,4.0030611597
-0.0534958952,-0.0534958952,0.2436639301,3.9302221136,8.347006287299999
-0.2185430463,-0.2185430463,0.3536953642,4.3813509933,4.7434768218
-0.1304025391,-0.1304025391,0.294935026,4.1404336069,6.6678778959
-0.09396343879999999,-0.09396343879999999,0.2706422925,4.0408333994,7.4634649194
-0.1498855555,-0.1498855555,0.3079237037,4.1936871852,6.2424987032
-0.06253242589999999,-0.06253242589999999,0.2496882839,3.9549219641,8.149708701
-0.2910275582,-0.2910275582,0.4020183721,4.5794753257,3.1608983125
-0.2069795831,-0.2069795831,0.3459863887,4.3497441938,4.9959457688
-0.0171941282,-0.0171941282,0.2194627521,3.8309972837,9.1395948675
-0.2128940702,-0.2128940702,0.3499293801,4.3659104586,4.8668127998
-0.1311990722,-0.1311990722,0.2954660481,4.1426107973,6.6504869235
-0.1102786339,-0.1102786339,0.2815190893,4.0854282662,7.1072498248
-0.0184026612,-0.0184026612,0.2202684408,3.8343006072,9.113208563800001
-0.1481734671,-0.1481734671,0.3067823114,4.1890074769,6.2798792997
-0.1737723929,-0.1737723929,0.3238482619,4.258977874,5.7209694209
-0.093139439,-0.093139439,0.2700929593,4.0385811333,7.481455581
-0.2539201025,-0.2539201025,0.3772800683,4.4780482802,3.9710777613
-0.1238196966,-0.1238196966,0.2905464644,4.1224405041,6.8116032903
-0.0247749259,-0.0247749259,0.2245166173,3.851718131,8.9740807828
-0.2455610827,-0.2455610827,0.3717073885,4.4552002929,4.153583026
-0.1164769432,-0.1164769432,0.2856512955,4.1023703115,6.9719200724
-0.2718100527,-0.2718100527,0.3892067018,4.5269474776,3.5804805141
-0.0303231909,-0.0303231909,0.2282154606,3.8668833887,8.8529436634
-0.0598773155,-0.0598773155,0.2479182103,3.9476646625,8.2076786101
-0.2572801904,-0.2572801904,0.3795201269,4.4872325204,3.8977158428
-0.1033387249,-0.1033387249,0.2768924832,4.0664591814,7.2587711726
-0.2970152897,-0.2970152897,0.4060101931,4.595841792,3.0301661734
-0.2656941434,-0.2656941434,0.3851294289,4.5102306588,3.714011201
-0.2689626758,-0.2689626758,0.3873084505,4.5191646472,3.6426482442
-0.1506088442,-0.1506088442,0.3084058961,4.1956641742,6.2267069008
-0.1394024475,-0.1394024475,0.300934965,4.1650333566,6.471379895
-0.2766533402,-0.2766533402,0.3924355601,4.5401857966,3.4747354048
-0.2266090884,-0.2266090884,0.3590727256,4.4033981749,4.5673682366
-0.2426038392,-0.2426038392,0.3697358928,4.4471171604,4.2181495108
-0.2226905117,-0.2226905117,0.3564603411,4.3926873988,4.6529238264
-0.2725150303,-0.2725150303,0.3896766869,4.5288744162,3.5650885041
-0.0229804376,-0.0229804376,0.2233202917,3.8468131961,9.0132604456
-0.1586016418,-0.1586016418,0.3137344279,4.2175111544,6.0521974857
-0.182369457,-0.182369457,0.329579638,4.2824765159,5.5332668542
-0.0266701254,-0.0266701254,0.2257800836,3.8568983428,8.932702261499999
-0.1903988769,-0.1903988769,0.3349325846,4.3044235968,5.3579578544
-0.2875209814,-0.2875209814,0.3996806543,4.5698906826,3.2374585717
-0.1375988036,-0.1375988036,0.2997325357,4.1601033966,6.5107594533
-0.2642475661,-0.2642475661,0.384165044,4.5062766807,3.7455948064
-0.1616046632,-0.1616046632,0.3157364421,4.2257194127,5.98663152
-0.1223731192,-0.1223731192,0.2895820795,4.118486526,6.8431868958
-0.0384258552,-0.0384258552,0.2336172368,3.889030671,8.676035493500001
-0.1372600482,-0.1372600482,0.2995066988,4.159177465,6.5181556143
-0.1033295693,-0.1033295693,0.2768863795,4.0664341562,7.2589710688
-0.1657155064,-0.1657155064,0.3184770043,4.2369557176,5.8968781092
-0.2358745078,-0.2358745078,0.3652496719,4.4287236548,4.3650732447
-0.0416760765,-0.0416760765,0.235784051,3.8979146091,8.6050723291
-0.0529099398,-0.0529099398,0.2432732932,3.9286205022,8.359799646400001
-0.0420056764,-0.0420056764,0.2360037842,3.8988155155,8.597876064899999
-0.0667989135,-0.0667989135,0.252532609,3.9665836969,8.056557054600001
-0.0123599963,-0.0123599963,0.2162399975,3.8177839899,9.245140080600001
-0.0916470839,-0.0916470839,0.2690980559,4.0345020294,7.5140386674
-0.2854701376,-0.2854701376,0.398313425,4.5642850428,3.2822353287
-0.1996276741,-0.1996276741,0.3410851161,4.329648976,5.1564624471
-0.1369853816,-0.1369853816,0.2993235877,4.1584267097,6.5241525016
-0.1803186132,-0.1803186132,0.3282124088,4.2768708761,5.5780436112
-0.2935361796,-0.2935361796,0.4036907864,4.5863322244,3.1061267435
-0.1278664509,-0.1278664509,0.2932443006,4.1335016327,6.7232491534
-0.2770104068,-0.2770104068,0.3926736045,4.5411617786,3.4669394514
-0.2637623218,-0.2637623218,0.3838415478,4.5049503463,3.756189307
-0.283803827,-0.283803827,0.3972025513,4.5597304604,3.3186164437
-0.253050325,-0.253050325,0.3767002166,4.4756708883,3.9900679038
-0.0668355357,-0.0668355357,0.2525570238,3.9666837976,8.0557574699
-0.1664571062,-0.1664571062,0.3189714041,4.2389827569,5.8806865145
-0.0206732382,-0.0206732382,0.2217821588,3.8405068513,9.0636342974
-0.2369090853,-0.2369090853,0.3659393902,4.4315514999,4.3424849697
-0.0174413281,-0.0174413281,0.2196275521,3.8316729636,9.134197668800001
-0.0136692403,-0.0136692403,0.2171128269,3.8213625903,9.2165549184
-0.2998352,-0.2998352,0.4078901333,4.6035495467,2.9685981325
-0.278438673,-0.278438673,0.393625782,4.5450657062,3.4357556389
-0.1673360392,-0.1673360392,0.3195573595,4.241385174,5.8614964758
-0.2553209021,-0.2553209021,0.3782139347,4.4818771324,3.9404936373
-0.1484664448,-0.1484664448,0.3069776299,4.1898082826,6.2734826202
-0.2299417096,-0.2299417096,0.361294473,4.4125073396,4.4946060067
-0.0679250465,-0.0679250465,0.2532833643,3.9696617938,8.0319698173
-0.0360362559,-0.0360362559,0.2320241706,3.8824990996,8.728208411600001
-0.1132633442,-0.1132633442,0.2835088961,4.0935864741,7.0420836515
-0.018118839,-0.018118839,0.220079226,3.8335248267,9.119405347200001
-0.1000152592,-0.1000152592,0.2746768395,4.0573750419,7.3313335064
-0.0382518997,-0.0382518997,0.2335012665,3.8885551926,8.679833522199999
-0.2358195745,-0.2358195745,0.3652130497,4.4285735037,4.3662726224
-0.1059480574,-0.1059480574,0.2786320383,4.0735913571,7.2018007451
-0.2487014374,-0.2487014374,0.3738009582,4.4637839289,4.0850186164
-0.0495040742,-0.0495040742,0.2410027161,3.9193111361,8.4341610465
-0.0785637989,-0.0785637989,0.2603758659,3.9987410504,7.7996903899
-0.2825037384,-0.2825037384,0.3963358256,4.5561768852,3.3470017097
-0.1500503555,-0.1500503555,0.3080335703,4.1941376384,6.2389005708
-0.0944669942,-0.0944669942,0.2709779961,4.0422097841,7.4524706265
-0.0515182958,-0.0515182958,0.2423455305,3.9248166752,8.3901838742
-0.1031373027,-0.1031373027,0.2767582018,4.0659086275,7.2631688898
-0.0639149143,-0.0639149143,0.2506099429,3.9587007659,8.119524369400001
-0.1165776543,-0.1165776543,0.2857184362,4.1026455885,6.9697212138
-0.2650990325,-0.2650990325,0.3847326883,4.5086040222,3.7270044563
-0.0184392834,-0.0184392834,0.2202928556,3.8344007079,9.1124089791
-0.1974486525,-0.1974486525,0.339632435,4.3236929837,5.2040377518
-0.0345255897,-0.0345255897,0.2310170598,3.8783699453,8.761191290299999
-0.252885525,-0.252885525,0.37659035,4.4752204351,3.9936660362
-0.1088503677,-0.1088503677,0.2805669118,4.0815243384,7.1384336379
-0.2414227728,-0.2414227728,0.3689485152,4.4438889125,4.2439361253
-0.2868984038,-0.2868984038,0.3992656025,4.5681889705,3.2510515156
-0.117831965,-0.117831965,0.2865546433,4.1060740378,6.9423354294
-0.0818140201,-0.0818140201,0.2625426801,4.0076249884,7.7287272261
-0.20237434,-0.20237434,0.3429162266,4.3371565293,5.0964935763
-0.0386089663,-0.0386089663,0.2337393108,3.8895311746,8.6720375687
-0.1670705282,-0.1670705282,0.3193803521,4.2406594439,5.8672934662
-0.1173558763,-0.1173558763,0.2862372508,4.1047727286,6.9527300337
-0.0886165959,-0.0886165959,0.2670777306,4.0262186956,7.5802043216
-0.1501510666,-0.1501510666,0.308100711,4.1944129154,6.2367017122
-0.2643574327,-0.2643574327,0.3842382885,4.5065769829,3.743196051
-0.1459578234,-0.1459578234,0.3053052156,4.1829513839,6.3282541891
-0.279729606,-0.279729606,0.394486404,4.5485942564,3.407570269
-0.1206884975,-0.1206884975,0.2884589983,4.1138818933,6.8799678031
-0.1748802148,-0.1748802148,0.3245868099,4.2620059205,5.6967819758
-0.0163060395,-0.0163060395,0.218870693,3.8285698415,9.158984802299999
-0.2154850917,-0.2154850917,0.3516567278,4.3729925839,4.8102421646
-0.2160069582,-0.2160069582,0.3520046388,4.374419019,4.7988480793
-0.2101199377,-0.2101199377,0.3480799584,4.3583278297,4.9273813598
-0.1875057222,-0.1875057222,0.3330038148,4.2965156406,5.4211250653
-0.2420636616,-0.2420636616,0.3693757744,4.445640675,4.2299433884
-0.2044892727,-0.2044892727,0.3443261818,4.3429373454,5.0503175454
-0.0572588274,-0.0572588274,0.2461725516,3.9405074617,8.2648489338
-0.2369090853,-0.2369090853,0.3659393902,4.4315514999,4.3424849697
-0.1131717886,-0.1131717886,0.2834478591,4.0933362223,7.0440826139
-0.07229224519999999,-0.07229224519999999,0.2561948301,3.9815988036,7.9366193123
-0.1344767601,-0.1344767601,0.2976511734,4.151569811,6.5789240705
-0.2729453413,-0.2729453413,0.3899635608,4.5300505996,3.5556933812
-0.2254463331,-0.2254463331,0.3582975554,4.4002199773,4.5927550587
-0.2491409039,-0.2491409039,0.3740939359,4.4649851374,4.0754235974
-0.1144169438,-0.1144169438,0.2842779625,4.0967396465,7.0168967256
-0.1305581835,-0.1305581835,0.295038789,4.1408590349,6.6644796596
-0.1287545396,-0.1287545396,0.2938363597,4.1359290749,6.7038592186
-0.1850245674,-0.1850245674,0.3313497116,4.2897338175,5.4752969451
-0.1031556138,-0.1031556138,0.2767704092,4.0659586778,7.2627690974
-0.1478438673,-0.1478438673,0.3065625782,4.1881065706,6.287075564
-0.1231238746,-0.1231238746,0.290082583,4.1205385906,6.8267954042
-0.0333079012,-0.0333079012,0.2302052674,3.8750415966,8.7877774901
-0.1579515976,-0.1579515976,0.313301065,4.2157343668,6.0663901187
-0.2350505081,-0.2350505081,0.3647003387,4.4264713888,4.3830639063
-0.127088229,-0.127088229,0.292725486,4.1313744926,6.7402403335
-0.2355265968,-0.2355265968,0.3650177312,4.427772698,4.3726693019
-0.189043855,-0.189043855,0.3340292367,4.3007198705,5.3875424975
-0.2395825067,-0.2395825067,0.3677216711,4.4388588518,4.2841152689
-0.1287545396,-0.1287545396,0.2938363597,4.1359290749,6.7038592186
-0.0450819421,-0.0450819421,0.2380546281,3.9072239752,8.5307109291
-0.2455427716,-0.2455427716,0.3716951811,4.4551502425,4.1539828184
-0.041419721,-0.041419721,0.2356131473,3.8972139041,8.610669423999999
-0.2910824915,-0.2910824915,0.4020549943,4.5796254767,3.1596989354
-0.259807123,-0.259807123,0.3812047486,4.4941394695,3.8425444808
-0.1125308999,-0.1125308999,0.2830205999,4.0915844599,7.0580753507
-0.2542954801,-0.2542954801,0.3775303201,4.4790743124,3.9628820161
-0.019162572,-0.019162572,0.220775048,3.836377697,9.096617176100001
-0.1053346354,-0.1053346354,0.2782230903,4.0719146702,7.2151937927
-0.0981475264,-0.0981475264,0.2734316843,4.0522699056,7.3721123392
-0.1339640491,-0.1339640491,0.2973093661,4.150168401,6.5901182596
-0.1625659962,-0.1625659962,0.3163773308,4.2283470564,5.965642415
-0.2484817041,-0.2484817041,0.3736544694,4.4631833246,4.0898161265
-0.0728324228,-0.0728324228,0.2565549485,3.983075289,7.9248254347
-0.2743736075,-0.2743736075,0.3909157383,4.5339545273,3.5245095681
-0.1800714132,-0.1800714132,0.3280476088,4.2761951963,5.5834408099
-0.1427167577,-0.1427167577,0.3031445051,4.174092471,6.3990174567
-0.116522721,-0.116522721,0.285681814,4.1024954374,6.9709205909
-0.1150669881,-0.1150669881,0.2847113254,4.0985164341,7.0027040932
-0.250367748,-0.250367748,0.374911832,4.4683385112,4.0486375014
-0.0780785546,-0.0780785546,0.2600523697,3.997414716,7.8102848904
-0.09198583940000001,-0.09198583940000001,0.2693238929,4.035427961,7.5066425063
-0.189043855,-0.189043855,0.3340292367,4.3007198705,5.3875424975
-0.1114871669,-0.1114871669,0.2823247779,4.0887315896,7.0808635219
-0.1084292123,-0.1084292123,0.2802861415,4.0803731803,7.1476288646
-0.1356120486,-0.1356120486,0.2984080324,4.154672933,6.554136937
-0.151432844,-0.151432844,0.3089552293,4.1979164402,6.2087162392
-0.1128238776,-0.1128238776,0.2832159184,4.0923852656,7.0516786711
-0.2068697164,-0.2068697164,0.3459131443,4.3494438917,4.9983445236
-0.2191656239,-0.2191656239,0.3541104159,4.3830527054,4.7298838774
-0.2385570848,-0.2385570848,0.3670380565,4.4360560319,4.3065036471
-0.1502700888,-0.1502700888,0.3081800592,4.1947382427,6.2341030612
-0.1052797021,-0.1052797021,0.278186468,4.0717645191,7.2163931704
-0.1599749748,-0.1599749748,0.3146499832,4.2212649311,6.0222130502
-0.1873317666,-0.1873317666,0.3328878444,4.2960401622,5.424923094
-0.0459425641,-0.0459425641,0.2386283761,3.909576342,8.5119206828
-0.08249153100000001,-0.08249153100000001,0.262994354,4.0094768516,7.7139349046
-0.2604846339,-0.2604846339,0.3816564226,4.4959913327,3.8277521592
-0.2810846278,-0.2810846278,0.3953897518,4.5522979827,3.377985626
-0.0135959959,-0.0135959959,0.2170639973,3.8211623889,9.2181540885
-0.2484359263,-0.2484359263,0.3736239509,4.4630581987,4.0908156074
-0.0232367931,-0.0232367931,0.2234911954,3.8475139011,9.0076633507
-0.1973021637,-0.1973021637,0.3395347758,4.3232925809,5.2072360913
-0.2017975401,-0.2017975401,0.3425316934,4.3355799431,5.1090870392
-0.0291055024,-0.0291055024,0.2274036683,3.8635550401,8.8795298626
-0.2535447248,-0.2535447248,0.3770298165,4.4770222479,3.9792735071
-0.09271828360000001,-0.09271828360000001,0.269812189,4.0374299752,7.4906508077
-0.1075502792,-0.1075502792,0.2797001861,4.0779707632,7.1668189033
-0.2522354808,-0.2522354808,0.3761569872,4.4734436475,4.0078586692
-0.1836512344,-0.1836512344,0.3304341563,4.2859800408,5.5052813812
-0.0311380352,-0.0311380352,0.2287586901,3.8691106295,8.835152898
-0.0515457624,-0.0515457624,0.2423638416,3.9248917508,8.3895841857
-0.1015442365,-0.1015442365,0.2756961577,4.0615542465,7.2979508354
-0.1434400463,-0.1434400463,0.3036266975,4.17606946,6.3832256543
-0.0648396252,-0.0648396252,0.2512264168,3.9612283089,8.0993348492
-0.032410657,-0.032410657,0.2296071047,3.8725891292,8.807367321099999
-0.1208166753,-0.1208166753,0.2885444502,4.1142322458,6.877169256
-0.0890377513,-0.0890377513,0.2673585009,4.0273698537,7.5710090949
-0.0692526016,-0.0692526016,0.2541684011,3.9732904445,8.0029848634
-0.0770531327,-0.0770531327,0.2593687551,3.994611896,7.8326732692
-0.0518387401,-0.0518387401,0.2425591601,3.9256925564,8.383187506100001
-0.1748069704,-0.1748069704,0.3245379802,4.2618057191,5.6983811459
-0.0340403454,-0.0340403454,0.2306935636,3.8770436109,8.771785790799999
-0.054072695,-0.054072695,0.2440484633,3.9317986998,8.334412824399999
-0.1324167607,-0.1324167607,0.2962778405,4.145939146,6.6239007237
-0.06324655899999999,-0.06324655899999999,0.2501643726,3.9568739279,8.134116794800001
-0.0166905728,-0.0166905728,0.2191270485,3.829620899,9.150589160399999
-0.2582964567,-0.2582964567,0.3801976378,4.4900103152,3.8755273601
-0.025653859,-0.025653859,0.2251025727,3.854120548,8.9548907441
-0.1496932889,-0.1496932889,0.3077955259,4.1931616565,6.2466965242
-0.2224524674,-0.2224524674,0.3563016449,4.3920367442,4.6581211283
-0.1674550614,-0.1674550614,0.3196367076,4.2417105014,5.8588978242
-0.2588366343,-0.2588366343,0.3805577562,4.4914868006,3.8637334825
-0.0377483443,-0.0377483443,0.2331655629,3.8871788078,8.6908278151
-0.06451918080000001,-0.06451918080000001,0.2510127872,3.9603524276,8.106331217899999
-0.2482894375,-0.2482894375,0.3735262916,4.4626577958,4.0940139475
-0.2209418011,-0.2209418011,0.3552945341,4.3879075898,4.6911040076
-0.06635944689999999,-0.06635944689999999,0.2522396313,3.9653824884,8.0661520743
-0.0659840693,-0.0659840693,0.2519893795,3.9643564561,8.0743478201
-0.1288003173,-0.1288003173,0.2938668782,4.1360542008,6.702859737
-0.1224463637,-0.1224463637,0.2896309091,4.1186867274,6.8415877257
-0.1779015472,-0.1779015472,0.3266010315,4.2702642292,5.6308162178
-0.046867275,-0.046867275,0.23924485,3.912103885,8.491731162500001
-0.0874996185,-0.0874996185,0.266333079,4.0231656239,7.6045916628
-0.2270302438,-0.2270302438,0.3593534958,4.4045493331,4.55817301
-0.1947111423,-0.1947111423,0.3378074282,4.3162104556,5.2638067265
-0.0291879024,-0.0291879024,0.2274586016,3.8637802667,8.8777307963
-0.2534257026,-0.2534257026,0.3769504684,4.4766969206,3.9818721586
-0.2809106723,-0.2809106723,0.3952737815,4.5518225043,3.3817836546
-0.1129245887,-0.1129245887,0.2832830591,4.0926605425,7.0494798126
-0.0450086977,-0.0450086977,0.2380057985,3.9070237738,8.5323100992
-0.0386089663,-0.0386089663,0.2337393108,3.8895311746,8.6720375687
-0.2272133548,-0.2272133548,0.3594755699,4.4050498366,4.5541750852
-0.0370067445,-0.0370067445,0.232671163,3.8851517685,8.707019409800001
-0.1235084078,-0.1235084078,0.2903389385,4.121589648,6.8183997622
-0.1256416516,-0.1256416516,0.2917611011,4.1274205145,6.771823939
-0.06505020290000001,-0.06505020290000001,0.2513668019,3.961803888,8.0947372359
-0.1996826074,-0.1996826074,0.3411217383,4.3297991271,5.1552630701
-0.2331553086,-0.2331553086,0.3634368724,4.421291177,4.424442427
-0.1230506301,-0.1230506301,0.2900337534,4.1203383891,6.8283945742
-0.0324472792,-0.0324472792,0.2296315195,3.8726892299,8.8065677364
-0.1839716788,-0.1839716788,0.3306477858,4.2868559221,5.4982850125
-0.2441145054,-0.2441145054,0.3707430036,4.4512463148,4.1851666315
-0.1606799523,-0.1606799523,0.3151199682,4.2231918698,6.0068210395
-0.2474654377,-0.2474654377,0.3729769585,4.4604055299,4.1120046085
-0.1464796899,-0.1464796899,0.3056531266,4.1843778191,6.3168601032
-0.0511795403,-0.0511795403,0.2421196935,3.9238907436,8.397580035300001
-0.2320200201,-0.2320200201,0.3626800134,4.418188055,4.4492295605
-0.1486129337,-0.1486129337,0.3070752891,4.1902086855,6.2702842801
-0.155424665,-0.155424665,0.3116164433,4.2088274177,6.12156148
-0.1535477767,-0.1535477767,0.3103651844,4.2036972563,6.1625402083
-0.1270699179,-0.1270699179,0.2927132786,4.1313244422,6.7406401259
-0.1487136448,-0.1487136448,0.3071424298,4.1904839625,6.2680854215
-0.2019165623,-0.2019165623,0.3426110415,4.3359052704,5.1064883883
-0.2077578051,-0.2077578051,0.3465052034,4.3518713339,4.9789545887
-0.1478255561,-0.1478255561,0.3065503707,4.1880565201,6.287475357
-0.276799829,-0.276799829,0.3925332193,4.5405861994,3.4715370654
-0.2273873103,-0.2273873103,0.3595915402,4.405525315,4.5503770565
-0.1235358744,-0.1235358744,0.2903572496,4.1216647236,6.8178000737
-0.2265266884,-0.2265266884,0.3590177922,4.4031729483,4.5691673029
-0.0291879024,-0.0291879024,0.2274586016,3.8637802667,8.8777307963
-0.0136234626,-0.0136234626,0.2170823084,3.8212374645,9.217554399300001
-0.0186773277,-0.0186773277,0.2204515518,3.8350513626,9.1072116766
-0.2391521958,-0.2391521958,0.3674347972,4.4376826685,4.2935103917
-0.2889767143,-0.2889767143,0.4006511429,4.5738696858,3.2056750701
-0.2206671345,-0.2206671345,0.355111423,4.3871568345,4.6971008948
-0.2502395702,-0.2502395702,0.3748263801,4.4679881587,4.0514360492
-0.1889156773,-0.1889156773,0.3339437849,4.300369518,5.3903410446
-0.142771691,-0.142771691,0.3031811273,4.174242622,6.3978180797
-0.0490554521,-0.0490554521,0.2407036347,3.9180849024,8.4439559623
-0.2883907589,-0.2883907589,0.4002605059,4.5722680745,3.2184684292
-0.08230841999999999,-0.08230841999999999,0.26287228,4.008976348,7.7179328294
-0.2006439405,-0.2006439405,0.341762627,4.3324267707,5.1342739651
-0.018814661,-0.018814661,0.2205431073,3.8354267402,9.104213233399999
-0.2100650044,-0.2100650044,0.3480433362,4.3581776787,4.9285807369
-0.2432081057,-0.2432081057,0.3701387371,4.4487688222,4.2049563587
